# NIST
# Temperature (K) Density (kg/m3)
273.26205940305044 999.8298923247982
273.57512953367876 999.8456885360412
273.8881996643071 999.8690601001935
274.2012697949354 999.877280958527
274.5143399255638 999.8855018168604
274.8274100561921 999.9031918663306
275.1404801868204 999.9152004011189
275.45355031744873 999.9234212594523
275.76662044807705 999.9373236324678
276.0796905787054 999.9474383290286
276.39276070933374 999.9480838344526
276.70583083996206 999.9487293398766
277.0189009705904 999.9493748453006
277.3319711012187 999.951914188952
277.6450412318471 999.9487720179212
277.9581113624754 999.9513113615725
278.2711814931037 999.9462753523144
278.58425162373203 999.9317701519194
278.89732175436035 999.9324156573434
279.2103918849887 999.925485809858
279.52346201561704 999.910980609463
279.83653214624536 999.9021569237501
280.1496022768737 999.8895455615825
280.462672407502 999.8882972287792
280.7757425381304 999.8624289990199
281.0888126687587 999.847923798625
281.401882799387 999.8296309217752
281.71495293001533 999.8094442066982
282.02802306064365 999.783575976939
282.34109319127197 999.763389261862
282.65416332190034 999.7318395174207
282.96723345252866 999.7173343170257
283.280303583157 999.6914660872666
283.5933737137853 999.658022504598
283.9064438444136 999.6264727601566
284.219513975042 999.593029177488
284.5325841056703 999.5633732712741
284.8456542362986 999.5356112032875
285.15872436692695 999.4964861059368
285.47179449755527 999.4630425232682
285.78486462818364 999.431492778827
286.09793475881196 999.3866861667941
286.4110048894403 999.3494549076707
286.7240750200686 999.31032981032
287.0371451506969 999.2693108747419
287.3502152813253 999.2282919391638
287.6632854119536 999.1853791653583
287.9763555425819 999.132997200416
288.28942567321025 999.0881905883831
288.60249580383856 999.041490138123
288.91556593446694 999.0023650407721
289.22863606509526 998.940513884693
289.5417061957236 998.8881319197508
289.8547763263519 998.8433253077179
290.1678464569802 998.7890495045482
290.4809165876086 998.7328798631512
290.7939867182369 998.6804978982088
291.1070568488652 998.6205405803571
291.42012697949355 998.5700524536421
291.73319711012186 998.5025197828809
292.04626724075024 998.4425624650291
292.35933737137856 998.3882866618594
292.6724075020069 998.3226478293255
292.9854776326352 998.2626905114737
293.2985477632635 998.2046270318493
293.6116178938919 998.1295190081786
293.9246880245202 998.0695616903269
294.2377581551485 997.9982413431109
294.55082828577684 997.9307086723496
294.86389841640516 997.8688575162704
295.1769685470335 997.795643330827
295.49003867766186 997.724322983611
295.8031088082902 997.6605779893046
296.1161789389185 997.5835761274064
296.4292490695468 997.5103619419632
296.74231920017513 997.4352539182925
297.0553893308035 997.356358218167
297.3684594614318 997.2869317091784
297.68152959206014 997.2023544943708
297.99459972268846 997.121564956018
298.3076698533168 997.050244608802
298.62073998394516 996.9580920410849
298.9338101145735 996.8810901791869
299.2468802452018 996.7984068026067
299.5599503758301 996.7195111024812
299.87302050645843 996.6406154023558
300.1860906370868 996.5541443493208
300.4991607677151 996.4619917816038
300.81223089834344 996.3868837579331
301.12530102897176 996.2871558373066
301.4383711596001 996.2063662989538
301.7514412902284 996.1142137312368
302.0645114208568 996.018273487065
302.3775815514851 995.9374839487122
302.6906516821134 995.8358621898583
303.00372181274173 995.7418157839139
303.31679194337005 995.6591324073337
303.6298620739984 995.563192163162
303.94293220462674 995.4691457572176
304.25600233525506 995.3750993512732
304.5690724658834 995.2696899159646
304.8821425965117 995.1794311864749
305.1952127271401 995.0740217511662
305.5082828577684 994.9742938305398
305.8213529883967 994.8840351010501
306.13442311902503 994.7767318275141
306.44749324965335 994.6770039068876
306.7605633802817 994.5697006333517
307.07363351091004 994.4680788744978
307.38670364153836 994.3740324685534
307.6997737721667 994.2648353567901
308.012843902795 994.1518505685721
308.3259140334234 994.0559103244003
308.6389841640517 993.9353501832727
308.95205429468 993.8280469097368
309.26512442530833 993.7283189891102
309.57819455593665 993.6077588479827
309.891264686565 993.511818603811
310.20433481719334 993.3893646244561
310.51740494782166 993.2744859980106
310.83047507845 993.1747580773841
311.1435452090783 993.0523040980293
311.4566153397067 992.9355316333564
311.769685470335 992.8263345215931
312.0827556009633 992.7038805422382
312.39582573159163 992.6003649451569
312.70889586221995 992.477910965802
313.0219659928483 992.3554569864472
313.33503612347664 992.2500475511386
313.64810625410496 992.1181243806468
313.9611763847333 991.9956704012919
314.2742465153616 991.8845794513012
314.58731664599 991.7507624425821
314.9003867766183 991.637777654364
315.2134569072466 991.5153236750091
315.5265270378749 991.3852943427447
315.83959716850325 991.2760972309813
316.1526672991316 991.1422802222622
316.46573742975994 991.0065693753158
316.77880756038826 990.8954784253251
317.0918776910166 990.7559799019239
317.4049478216449 990.6373135990237
317.7180179522732 990.5016027520772
318.0310880829016 990.3677857433581
318.3441582135299 990.249119440458
318.6572283441582 990.1115147552841
318.97029847478655 989.977697746565
319.28336860541486 989.8590314436648
319.59643873604324 989.7157452438089
319.90950886667156 989.593291264454
320.1798876158506 989.4738267487517
